    1     0.00000     2.45000     2.65000     4.70000
    2    12.00000     2.75000     3.55000     6.30000
    4    21.40000     3.14000     4.15000     7.40000
    6    39.93300     3.37873     4.40029     8.00106
    7    58.46700     3.37672     4.40456     7.98006
    8    77.00000     3.37401     4.41083     7.95006
   10    91.00000     3.37318     4.41206     7.94320
   11   105.00000     3.37166     4.41528     7.92734
   12   119.00000     3.37014     4.41851     7.91148
   13   133.00000     3.36862     4.42173     7.89562
   14   147.00000     3.36710     4.42496     7.87976
   15   161.00000     3.36558     4.42818     7.86390
   16   175.00000     3.36405     4.43141     7.84804
   17   189.00000     3.36253     4.43463     7.83217
   18   203.00000     3.36101     4.43786     7.81631
   19   217.00000     3.40949     4.54409     8.15045
   21   230.84600     3.44404     4.65359     8.58559
